Mary 3991060 2.629 1
Patricia 1628911 1.073 2
Linda 1571224 1.035 3
Barbara 1487729 0.98 4
Elizabeth 1422451 0.937 5
Jennifer 1414861 0.932 6
Maria 1256979 0.828 7
Susan 1205364 0.794 8
Margaret 1165894 0.768 9
Dorothy 1103652 0.727 10
Lisa 1068736 0.704 11
Nancy 1015603 0.669 12
Karen 1012567 0.667 13
Betty 1011048 0.666 14
Helen 1006494 0.663 15
Sandra 954879 0.629 16
Donna 885047 0.583 17
Carol 857721 0.565 18
Ruth 853167 0.562 19
Sharon 792443 0.522 20
Michelle 787889 0.519 21
Laura 774226 0.51 22
Sarah 771190 0.508 23
Kimberly 765118 0.504 24
Deborah 749937 0.494 25
Jessica 743864 0.49 26
Shirley 731720 0.482 27
Cynthia 711985 0.469 28
Angela 710466 0.468 29
Melissa 701358 0.462 30
Brenda 690731 0.455 31
Amy 684659 0.451 32
Anna 667960 0.44 33
Rebecca 652779 0.43 34
Virginia 652779 0.43 35
Kathleen 643670 0.424 36
Pamela 631526 0.416 37
Martha 625453 0.412 38
Debra 619381 0.408 39
Amanda 613309 0.404 40
Stephanie 607236 0.4 41
Carolyn 584465 0.385 42
Christine 579911 0.382 43
Marie 575356 0.379 44
Janet 575356 0.379 45
Catherine 566248 0.373 46
Frances 561694 0.37 47
Ann 552585 0.364 48
Joyce 552585 0.364 49
Diane 544995 0.359 50
Alice 541958 0.357 51
Julie 528296 0.348 52
Heather 511597 0.337 53
Teresa 510078 0.336 54
Doris 508560 0.335 55
Gloria 508560 0.335 56
Evelyn 488825 0.322 57
Jean 478199 0.315 58
Cheryl 478199 0.315 59
Mildred 475162 0.313 60
Katherine 475162 0.313 61
Joan 464536 0.306 62
Ashley 459981 0.303 63
Judith 450873 0.297 64
Rose 449355 0.296 65
Janice 432656 0.285 66
Kelly 429620 0.283 67
Nicole 426583 0.281 68
Judy 418993 0.276 69
Christina 417475 0.275 70
Kathy 412921 0.272 71
Theresa 411403 0.271 72
Beverly 405330 0.267 73
Denise 400776 0.264 74
Tammy 393185 0.259 75
Irene 382559 0.252 76
Jane 379523 0.25 77
Lori 376486 0.248 78
Rachel 367378 0.242 79
Marilyn 365860 0.241 80
Andrea 358269 0.236 81
Kathryn 355233 0.234 82
Louise 347643 0.229 83
Sara 347643 0.229 84
Anne 346125 0.228 85
Jacqueline 346125 0.228 86
Wanda 343089 0.226 87
Bonnie 338534 0.223 88
Julia 338534 0.223 89
Ruby 335498 0.221 90
Lois 333980 0.22 91
Tina 333980 0.22 92
Phyllis 332462 0.219 93
Norma 330944 0.218 94
Paula 329426 0.217 95
Diana 327908 0.216 96
Annie 327908 0.216 97
Lillian 320317 0.211 98
Emily 315763 0.208 99
Robin 315763 0.208 100
Peggy 315763 0.208 101
Crystal 314245 0.207 102
Gladys 311209 0.205 103
Rita 309691 0.204 104
Dawn 306654 0.202 105
Connie 303618 0.2 106
Florence 303618 0.2 107
Tracy 299064 0.197 108
Edna 299064 0.197 109
Tiffany 296028 0.195 110
Carmen 296028 0.195 111
Rosa 294510 0.194 112
Cindy 291473 0.192 113
Grace 286919 0.189 114
Wendy 280847 0.185 115
Victoria 273256 0.18 116
Edith 271738 0.179 117
Kim 270220 0.178 118
Sherry 270220 0.178 119
Sylvia 268702 0.177 120
Josephine 268702 0.177 121
Thelma 265666 0.175 122
Shannon 265666 0.175 123
Sheila 265666 0.175 124
Ethel 264148 0.174 125
Ellen 262630 0.173 126
Elaine 262630 0.173 127
Marjorie 262630 0.173 128
Carrie 259594 0.171 129
Charlotte 256557 0.169 130
Monica 252003 0.166 131
Esther 252003 0.166 132
Pauline 250485 0.165 133
Emma 250485 0.165 134
Juanita 248967 0.164 135
Anita 245931 0.162 136
Rhonda 245931 0.162 137
Hazel 244413 0.161 138
Amber 242895 0.16 139
Eva 241376 0.159 140
Debbie 238340 0.157 141
April 233786 0.154 142
Leslie 233786 0.154 143
Clara 232268 0.153 144
Lucille 232268 0.153 145
Jamie 232268 0.153 146
Joanne 227714 0.15 147
Eleanor 227714 0.15 148
Valerie 226196 0.149 149
Danielle 226196 0.149 150
Megan 223159 0.147 151
Alicia 221641 0.146 152
Suzanne 220123 0.145 153
Michele 220123 0.145 154
Gail 220123 0.145 155
Bertha 217087 0.143 156
Darlene 215569 0.142 157
Veronica 215569 0.142 158
Jill 215569 0.142 159
Erin 214051 0.141 160
Geraldine 214051 0.141 161
Lauren 207978 0.137 162
Cathy 207978 0.137 163
Joann 206460 0.136 164
Lorraine 204942 0.135 165
Lynn 204942 0.135 166
Sally 204942 0.135 167
Regina 201906 0.133 168
Erica 197352 0.13 169
Beatrice 197352 0.13 170
Dolores 195834 0.129 171
Bernice 194316 0.128 172
Audrey 192798 0.127 173
Yvonne 191279 0.126 174
Annette 189761 0.125 175
June 189761 0.125 176
Samantha 188243 0.124 177
Marion 185207 0.122 178
Dana 185207 0.122 179
Stacy 183689 0.121 180
Ana 182171 0.12 181
Renee 182171 0.12 182
Ida 179135 0.118 183
Vivian 179135 0.118 184
Roberta 177617 0.117 185
Holly 177617 0.117 186
Brittany 177617 0.117 187
Melanie 176099 0.116 188
Loretta 174580 0.115 189
Yolanda 174580 0.115 190
Jeanette 174580 0.115 191
Laurie 173062 0.114 192
Katie 171544 0.113 193
Kristen 168508 0.111 194
Vanessa 168508 0.111 195
Alma 168508 0.111 196
Sue 168508 0.111 197
Elsie 166990 0.11 198
Beth 166990 0.11 199
Jeanne 165472 0.109 200
Vicki 165472 0.109 201
Carla 162436 0.107 202
Tara 162436 0.107 203
Rosemary 162436 0.107 204
Eileen 159400 0.105 205
Terri 159400 0.105 206
Gertrude 156363 0.103 207
Lucy 156363 0.103 208
Tonya 154845 0.102 209
Ella 153327 0.101 210
Stacey 153327 0.101 211
Wilma 150291 0.099 212
Gina 150291 0.099 213
Kristin 150291 0.099 214
Jessie 148773 0.098 215
Natalie 148773 0.098 216
Agnes 148773 0.098 217
Vera 148773 0.098 218
Willie 147255 0.097 219
Charlene 147255 0.097 220
Bessie 145737 0.096 221
Delores 144219 0.095 222
Melinda 142701 0.094 223
Pearl 142701 0.094 224
Arlene 142701 0.094 225
Maureen 139664 0.092 226
Colleen 139664 0.092 227
Allison 139664 0.092 228
Tamara 139664 0.092 229
Joy 138146 0.091 230
Georgia 138146 0.091 231
Constance 138146 0.091 232
Lillie 136628 0.09 233
Claudia 136628 0.09 234
Jackie 136628 0.09 235
Marcia 136628 0.09 236
Tanya 135110 0.089 237
Nellie 135110 0.089 238
Minnie 135110 0.089 239
Marlene 133592 0.088 240
Heidi 133592 0.088 241
Glenda 133592 0.088 242
Lydia 130556 0.086 243
Viola 130556 0.086 244
Courtney 130556 0.086 245
Marian 130556 0.086 246
Stella 129038 0.085 247
Caroline 129038 0.085 248
Dora 127520 0.084 249
Jo 126002 0.083 250
Vickie 124483 0.082 251
Mattie 122965 0.081 252
Terry 121447 0.08 253
Maxine 119929 0.079 254
Irma 119929 0.079 255
Mabel 118411 0.078 256
Marsha 118411 0.078 257
Myrtle 118411 0.078 258
Lena 116893 0.077 259
Christy 116893 0.077 260
Deanna 115375 0.076 261
Patsy 115375 0.076 262
Hilda 113857 0.075 263
Gwendolyn 112339 0.074 264
Jennie 110821 0.073 265
Nora 110821 0.073 266
Margie 109303 0.072 267
Nina 109303 0.072 268
Cassandra 109303 0.072 269
Leah 109303 0.072 270
Penny 107784 0.071 271
Kay 107784 0.071 272
Priscilla 107784 0.071 273
Naomi 107784 0.071 274
Carole 107784 0.071 275
Brandy 106266 0.07 276
Olga 106266 0.07 277
Billie 104748 0.069 278
Dianne 104748 0.069 279
Tracey 104748 0.069 280
Leona 104748 0.069 281
Jenny 103230 0.068 282
Felicia 103230 0.068 283
Sonia 103230 0.068 284
Miriam 100194 0.066 285
Velma 100194 0.066 286
Becky 100194 0.066 287
Bobbie 98676 0.065 288
Violet 98676 0.065 289
Kristina 98676 0.065 290
Toni 97158 0.064 291
Misty 95640 0.063 292
Mae 95640 0.063 293
Shelly 94122 0.062 294
Daisy 94122 0.062 295
Ramona 94122 0.062 296
Sherri 94122 0.062 297
Erika 92604 0.061 298
Katrina 92604 0.061 299
Claire 92604 0.061 300
Lindsey 91085 0.06 301
Lindsay 91085 0.06 302
Geneva 89567 0.059 303
Guadalupe 89567 0.059 304
Belinda 89567 0.059 305
Margarita 89567 0.059 306
Sheryl 89567 0.059 307
Cora 88049 0.058 308
Faye 88049 0.058 309
Ada 86531 0.057 310
Natasha 86531 0.057 311
Sabrina 86531 0.057 312
Isabel 86531 0.057 313
Marguerite 85013 0.056 314
Hattie 85013 0.056 315
Harriet 85013 0.056 316
Molly 83495 0.055 317
Cecilia 83495 0.055 318
Kristi 83495 0.055 319
Brandi 83495 0.055 320
Blanche 83495 0.055 321
Sandy 83495 0.055 322
Rosie 83495 0.055 323
Joanna 83495 0.055 324
Iris 83495 0.055 325
Eunice 81977 0.054 326
Angie 81977 0.054 327
Inez 80459 0.053 328
Lynda 80459 0.053 329
Madeline 78941 0.052 330
Amelia 78941 0.052 331
Alberta 78941 0.052 332
Genevieve 77423 0.051 333
Monique 77423 0.051 334
Jodi 77423 0.051 335
Janie 77423 0.051 336
Maggie 77423 0.051 337
Kayla 77423 0.051 338
Sonya 77423 0.051 339
Jan 77423 0.051 340
Lee 77423 0.051 341
Kristine 77423 0.051 342
Candace 77423 0.051 343
Fannie 75905 0.05 344
Maryann 75905 0.05 345
Opal 75905 0.05 346
Alison 75905 0.05 347
Yvette 75905 0.05 348
Melody 75905 0.05 349
Luz 74386 0.049 350
Susie 74386 0.049 351
Olivia 74386 0.049 352
Flora 74386 0.049 353
Shelley 74386 0.049 354
Kristy 72868 0.048 355
Mamie 72868 0.048 356
Lula 72868 0.048 357
Lola 72868 0.048 358
Verna 72868 0.048 359
Beulah 72868 0.048 360
Antoinette 72868 0.048 361
Candice 69832 0.046 362
Juana 69832 0.046 363
Jeannette 69832 0.046 364
Pam 69832 0.046 365
Kelli 69832 0.046 366
Hannah 68314 0.045 367
Whitney 68314 0.045 368
Bridget 68314 0.045 369
Karla 66796 0.044 370
Celia 66796 0.044 371
Latoya 65278 0.043 372
Patty 65278 0.043 373
Shelia 65278 0.043 374
Gayle 65278 0.043 375
Della 65278 0.043 376
Vicky 65278 0.043 377
Lynne 65278 0.043 378
Sheri 63760 0.042 379
Marianne 63760 0.042 380
Kara 62242 0.041 381
Jacquelyn 62242 0.041 382
Erma 62242 0.041 383
Blanca 62242 0.041 384
Myra 60724 0.04 385
Leticia 60724 0.04 386
Pat 60724 0.04 387
Krista 60724 0.04 388
Roxanne 60724 0.04 389
Angelica 59206 0.039 390
Johnnie 59206 0.039 391
Robyn 59206 0.039 392
Francis 59206 0.039 393
Adrienne 59206 0.039 394
Rosalie 59206 0.039 395
Alexandra 59206 0.039 396
Brooke 59206 0.039 397
Bethany 59206 0.039 398
Sadie 59206 0.039 399
Bernadette 59206 0.039 400
Traci 57687 0.038 401
Jody 57687 0.038 402
Kendra 57687 0.038 403
Jasmine 57687 0.038 404
Nichole 57687 0.038 405
Rachael 57687 0.038 406
Chelsea 57687 0.038 407
Mable 57687 0.038 408
Ernestine 57687 0.038 409
Muriel 57687 0.038 410
Marcella 56169 0.037 411
Elena 56169 0.037 412
Krystal 56169 0.037 413
Angelina 56169 0.037 414
Nadine 54651 0.036 415
Kari 54651 0.036 416
Estelle 54651 0.036 417
Dianna 54651 0.036 418
Paulette 54651 0.036 419
Lora 54651 0.036 420
Mona 53133 0.035 421
Doreen 53133 0.035 422
Rosemarie 53133 0.035 423
Angel 53133 0.035 424
Desiree 53133 0.035 425
Antonia 53133 0.035 426
Hope 51615 0.034 427
Ginger 51615 0.034 428
Janis 51615 0.034 429
Betsy 51615 0.034 430
Christie 51615 0.034 431
Freda 51615 0.034 432
Mercedes 50097 0.033 433
Meredith 50097 0.033 434
Lynette 50097 0.033 435
Teri 50097 0.033 436
Cristina 50097 0.033 437
Eula 50097 0.033 438
Leigh 48579 0.032 439
Meghan 48579 0.032 440
Sophia 48579 0.032 441
Eloise 48579 0.032 442
Rochelle 48579 0.032 443
Gretchen 48579 0.032 444
Cecelia 48579 0.032 445
Raquel 47061 0.031 446
Henrietta 47061 0.031 447
Alyssa 47061 0.031 448
Jana 47061 0.031 449
Kelley 47061 0.031 450
Gwen 47061 0.031 451
Kerry 47061 0.031 452
Jenna 45543 0.03 453
Tricia 45543 0.03 454
Laverne 45543 0.03 455
Olive 45543 0.03 456
Alexis 45543 0.03 457
Tasha 45543 0.03 458
Silvia 44025 0.029 459
Elvira 44025 0.029 460
Casey 44025 0.029 461
Delia 44025 0.029 462
Sophie 44025 0.029 463
Kate 44025 0.029 464
Patti 44025 0.029 465
Lorena 44025 0.029 466
Kellie 44025 0.029 467
Sonja 44025 0.029 468
Lila 44025 0.029 469
Lana 44025 0.029 470
Darla 44025 0.029 471
May 44025 0.029 472
Mindy 44025 0.029 473
Essie 44025 0.029 474
Mandy 44025 0.029 475
Lorene 42507 0.028 476
Elsa 42507 0.028 477
Josefina 42507 0.028 478
Jeannie 42507 0.028 479
Miranda 42507 0.028 480
Dixie 42507 0.028 481
Lucia 42507 0.028 482
Marta 42507 0.028 483
Faith 42507 0.028 484
Lela 42507 0.028 485
Johanna 42507 0.028 486
Shari 42507 0.028 487
Camille 42507 0.028 488
Tami 40988 0.027 489
Shawna 40988 0.027 490
Elisa 40988 0.027 491
Ebony 40988 0.027 492
Melba 40988 0.027 493
Ora 40988 0.027 494
Nettie 40988 0.027 495
Tabitha 40988 0.027 496
Ollie 40988 0.027 497
Jaime 40988 0.027 498
Winifred 40988 0.027 499
Kristie 40988 0.027 500
Marina 40988 0.027 501
Alisha 40988 0.027 502
Aimee 40988 0.027 503
Rena 40988 0.027 504
Myrna 39470 0.026 505
Marla 39470 0.026 506
Tammie 39470 0.026 507
Latasha 39470 0.026 508
Bonita 39470 0.026 509
Patrice 39470 0.026 510
Ronda 39470 0.026 511
Sherrie 39470 0.026 512
Addie 39470 0.026 513
Francine 37952 0.025 514
Deloris 37952 0.025 515
Stacie 37952 0.025 516
Adriana 37952 0.025 517
Cheri 37952 0.025 518
Shelby 37952 0.025 519
Abigail 37952 0.025 520
Celeste 37952 0.025 521
Jewel 37952 0.025 522
Cara 37952 0.025 523
Adele 37952 0.025 524
Rebekah 37952 0.025 525
Lucinda 37952 0.025 526
Dorthy 37952 0.025 527
Chris 36434 0.024 528
Effie 36434 0.024 529
Trina 36434 0.024 530
Reba 36434 0.024 531
Shawn 36434 0.024 532
Sallie 36434 0.024 533
Aurora 36434 0.024 534
Lenora 36434 0.024 535
Etta 36434 0.024 536
Lottie 36434 0.024 537
Kerri 36434 0.024 538
Trisha 36434 0.024 539
Nikki 36434 0.024 540
Estella 36434 0.024 541
Francisca 36434 0.024 542
Josie 36434 0.024 543
Tracie 36434 0.024 544
Marissa 36434 0.024 545
Karin 36434 0.024 546
Brittney 36434 0.024 547
Janelle 36434 0.024 548
Lourdes 36434 0.024 549
Laurel 36434 0.024 550
Helene 36434 0.024 551
Fern 36434 0.024 552
Elva 36434 0.024 553
Corinne 36434 0.024 554
Kelsey 36434 0.024 555
Ina 34916 0.023 556
Bettie 34916 0.023 557
Elisabeth 34916 0.023 558
Aida 34916 0.023 559
Caitlin 34916 0.023 560
Ingrid 34916 0.023 561
Iva 34916 0.023 562
Eugenia 34916 0.023 563
Christa 34916 0.023 564
Goldie 34916 0.023 565
Cassie 34916 0.023 566
Maude 34916 0.023 567
Jenifer 34916 0.023 568
Therese 33398 0.022 569
Frankie 33398 0.022 570
Dena 33398 0.022 571
Lorna 33398 0.022 572
Janette 33398 0.022 573
Latonya 33398 0.022 574
Candy 33398 0.022 575
Morgan 33398 0.022 576
Consuelo 33398 0.022 577
Tamika 33398 0.022 578
Rosetta 33398 0.022 579
Debora 33398 0.022 580
Cherie 33398 0.022 581
Polly 33398 0.022 582
Dina 33398 0.022 583
Jewell 31880 0.021 584
Fay 31880 0.021 585
Jillian 31880 0.021 586
Dorothea 31880 0.021 587
Nell 31880 0.021 588
Trudy 31880 0.021 589
Esperanza 31880 0.021 590
Patrica 31880 0.021 591
Kimberley 31880 0.021 592
Shanna 31880 0.021 593
Helena 31880 0.021 594
Carolina 31880 0.021 595
Cleo 31880 0.021 596
Stefanie 31880 0.021 597
Rosario 30362 0.02 598
Ola 30362 0.02 599
Janine 30362 0.02 600
Mollie 30362 0.02 601
Lupe 30362 0.02 602
Alisa 30362 0.02 603
Lou 30362 0.02 604
Maribel 30362 0.02 605
Susanne 30362 0.02 606
Bette 28844 0.019 607
Susana 28844 0.019 608
Elise 28844 0.019 609
Cecile 28844 0.019 610
Isabelle 28844 0.019 611
Lesley 28844 0.019 612
Jocelyn 28844 0.019 613
Paige 28844 0.019 614
Joni 28844 0.019 615
Rachelle 28844 0.019 616
Leola 28844 0.019 617
Daphne 28844 0.019 618
Alta 28844 0.019 619
Ester 28844 0.019 620
Petra 28844 0.019 621
Graciela 28844 0.019 622
Imogene 28844 0.019 623
Jolene 28844 0.019 624
Keisha 28844 0.019 625
Lacey 27326 0.018 626
Glenna 27326 0.018 627
Gabriela 27326 0.018 628
Keri 27326 0.018 629
Ursula 27326 0.018 630
Lizzie 27326 0.018 631
Kirsten 27326 0.018 632
Shana 27326 0.018 633
Adeline 27326 0.018 634
Mayra 27326 0.018 635
Jayne 27326 0.018 636
Jaclyn 27326 0.018 637
Gracie 27326 0.018 638
Sondra 27326 0.018 639
Carmela 27326 0.018 640
Marisa 27326 0.018 641
Rosalind 27326 0.018 642
Charity 27326 0.018 643
Tonia 27326 0.018 644
Beatriz 27326 0.018 645
Marisol 27326 0.018 646
Clarice 27326 0.018 647
Jeanine 25808 0.017 648
Sheena 25808 0.017 649
Angeline 25808 0.017 650
Frieda 25808 0.017 651
Lily 25808 0.017 652
Robbie 25808 0.017 653
Shauna 25808 0.017 654
Millie 25808 0.017 655
Claudette 25808 0.017 656
Cathleen 25808 0.017 657
Angelia 25808 0.017 658
Gabrielle 25808 0.017 659
Autumn 25808 0.017 660
Katharine 25808 0.017 661
Summer 25808 0.017 662
Jodie 25808 0.017 663
Staci 25808 0.017 664
Lea 25808 0.017 665
Christi 25808 0.017 666
Jimmie 25808 0.017 667
Justine 25808 0.017 668
Elma 25808 0.017 669
Luella 25808 0.017 670
Margret 25808 0.017 671
Dominique 24289 0.016 672
Socorro 24289 0.016 673
Rene 24289 0.016 674
Martina 24289 0.016 675
Margo 24289 0.016 676
Mavis 24289 0.016 677
Callie 24289 0.016 678
Bobbi 24289 0.016 679
Maritza 24289 0.016 680
Lucile 24289 0.016 681
Leanne 24289 0.016 682
Jeannine 24289 0.016 683
Deana 24289 0.016 684
Aileen 24289 0.016 685
Lorie 24289 0.016 686
Ladonna 24289 0.016 687
Willa 24289 0.016 688
Manuela 24289 0.016 689
Gale 24289 0.016 690
Selma 24289 0.016 691
Dolly 24289 0.016 692
Sybil 24289 0.016 693
Abby 24289 0.016 694
Lara 24289 0.016 695
Dale 24289 0.016 696
Ivy 24289 0.016 697
Dee 24289 0.016 698
Winnie 24289 0.016 699
Marcy 24289 0.016 700
Luisa 24289 0.016 701
Jeri 22771 0.015 702
Magdalena 22771 0.015 703
Ofelia 22771 0.015 704
Meagan 22771 0.015 705
Audra 22771 0.015 706
Matilda 22771 0.015 707
Leila 22771 0.015 708
Cornelia 22771 0.015 709
Bianca 22771 0.015 710
Simone 22771 0.015 711
Bettye 22771 0.015 712
Randi 22771 0.015 713
Virgie 22771 0.015 714
Latisha 22771 0.015 715
Barbra 22771 0.015 716
Georgina 22771 0.015 717
Eliza 22771 0.015 718
Leann 22771 0.015 719
Bridgette 22771 0.015 720
Rhoda 21253 0.014 721
Haley 21253 0.014 722
Adela 21253 0.014 723
Nola 21253 0.014 724
Bernadine 21253 0.014 725
Flossie 21253 0.014 726
Ila 21253 0.014 727
Greta 21253 0.014 728
Ruthie 21253 0.014 729
Nelda 21253 0.014 730
Minerva 21253 0.014 731
Lilly 21253 0.014 732
Terrie 21253 0.014 733
Letha 21253 0.014 734
Hilary 21253 0.014 735
Estela 21253 0.014 736
Valarie 21253 0.014 737
Brianna 21253 0.014 738
Rosalyn 21253 0.014 739
Earline 21253 0.014 740
Catalina 21253 0.014 741
Ava 21253 0.014 742
Mia 21253 0.014 743
Clarissa 21253 0.014 744
Lidia 21253 0.014 745
Corrine 21253 0.014 746
Alexandria 21253 0.014 747
Concepcion 21253 0.014 748
Tia 21253 0.014 749
Sharron 21253 0.014 750
Rae 21253 0.014 751
Dona 21253 0.014 752
Ericka 21253 0.014 753
Jami 21253 0.014 754
Elnora 21253 0.014 755
Chandra 21253 0.014 756
Lenore 21253 0.014 757
Neva 19735 0.013 758
Marylou 19735 0.013 759
Melisa 19735 0.013 760
Tabatha 19735 0.013 761
Serena 19735 0.013 762
Avis 19735 0.013 763
Allie 19735 0.013 764
Sofia 19735 0.013 765
Jeanie 19735 0.013 766
Odessa 19735 0.013 767
Nannie 19735 0.013 768
Harriett 19735 0.013 769
Loraine 19735 0.013 770
Penelope 19735 0.013 771
Milagros 19735 0.013 772
Emilia 19735 0.013 773
Benita 19735 0.013 774
Allyson 19735 0.013 775
Ashlee 19735 0.013 776
Tania 19735 0.013 777
Tommie 19735 0.013 778
Esmeralda 19735 0.013 779
Karina 19735 0.013 780
Eve 19735 0.013 781
Pearlie 19735 0.013 782
Zelma 19735 0.013 783
Malinda 19735 0.013 784
Noreen 19735 0.013 785
Tameka 19735 0.013 786
Saundra 19735 0.013 787
Hillary 19735 0.013 788
Amie 19735 0.013 789
Althea 18217 0.012 790
Rosalinda 18217 0.012 791
Jordan 18217 0.012 792
Lilia 18217 0.012 793
Alana 18217 0.012 794
Gay 18217 0.012 795
Clare 18217 0.012 796
Alejandra 18217 0.012 797
Elinor 18217 0.012 798
Michael 18217 0.012 799
Lorrie 18217 0.012 800
Jerri 18217 0.012 801
Darcy 18217 0.012 802
Earnestine 18217 0.012 803
Carmella 18217 0.012 804
Taylor 18217 0.012 805
Noemi 18217 0.012 806
Marcie 18217 0.012 807
Liza 18217 0.012 808
Annabelle 18217 0.012 809
Louisa 18217 0.012 810
Earlene 18217 0.012 811
Mallory 18217 0.012 812
Carlene 18217 0.012 813
Nita 18217 0.012 814
Selena 18217 0.012 815
Tanisha 18217 0.012 816
Katy 18217 0.012 817
Julianne 18217 0.012 818
John 18217 0.012 819
Lakisha 16699 0.011 820
Edwina 16699 0.011 821
Maricela 16699 0.011 822
Margery 16699 0.011 823
Kenya 16699 0.011 824
Dollie 16699 0.011 825
Roxie 16699 0.011 826
Roslyn 16699 0.011 827
Kathrine 16699 0.011 828
Nanette 16699 0.011 829
Charmaine 16699 0.011 830
Lavonne 16699 0.011 831
Ilene 16699 0.011 832
Kris 16699 0.011 833
Tammi 16699 0.011 834
Suzette 16699 0.011 835
Corine 16699 0.011 836
Kaye 16699 0.011 837
Jerry 16699 0.011 838
Merle 16699 0.011 839
Chrystal 16699 0.011 840
Lina 16699 0.011 841
Deanne 16699 0.011 842
Lilian 16699 0.011 843
Juliana 16699 0.011 844
Aline 16699 0.011 845
Luann 16699 0.011 846
Kasey 16699 0.011 847
Maryanne 16699 0.011 848
Evangeline 16699 0.011 849
Colette 16699 0.011 850
Melva 16699 0.011 851
Lawanda 16699 0.011 852
Yesenia 16699 0.011 853
Nadia 16699 0.011 854
Madge 16699 0.011 855
Kathie 16699 0.011 856
Eddie 16699 0.011 857
Ophelia 16699 0.011 858
Valeria 16699 0.011 859
Nona 16699 0.011 860
Mitzi 16699 0.011 861
Mari 16699 0.011 862
Georgette 16699 0.011 863
Claudine 16699 0.011 864
Fran 16699 0.011 865
Alissa 16699 0.011 866
Roseann 15181 0.01 867
Lakeisha 15181 0.01 868
Susanna 15181 0.01 869
Reva 15181 0.01 870
Deidre 15181 0.01 871
Chasity 15181 0.01 872
Sheree 15181 0.01 873
Carly 15181 0.01 874
James 15181 0.01 875
Elvia 15181 0.01 876
Alyce 15181 0.01 877
Deirdre 15181 0.01 878
Gena 15181 0.01 879
Briana 15181 0.01 880
Araceli 15181 0.01 881
Katelyn 15181 0.01 882
Rosanne 15181 0.01 883
Wendi 15181 0.01 884
Tessa 15181 0.01 885
Berta 15181 0.01 886
Marva 15181 0.01 887
Imelda 15181 0.01 888
Marietta 15181 0.01 889
Marci 15181 0.01 890
Leonor 15181 0.01 891
Arline 15181 0.01 892
Sasha 15181 0.01 893
Madelyn 15181 0.01 894
Janna 15181 0.01 895
Juliette 15181 0.01 896
Deena 15181 0.01 897
Aurelia 15181 0.01 898
Josefa 15181 0.01 899
Augusta 15181 0.01 900
Liliana 15181 0.01 901
Young 15181 0.01 902
Christian 15181 0.01 903
Lessie 15181 0.01 904
Amalia 15181 0.01 905
Savannah 15181 0.01 906
Anastasia 15181 0.01 907
Vilma 15181 0.01 908
Natalia 15181 0.01 909
Rosella 15181 0.01 910
Lynnette 15181 0.01 911
Corina 15181 0.01 912
Alfreda 13663 0.009 913
Leanna 13663 0.009 914
Carey 13663 0.009 915
Amparo 13663 0.009 916
Coleen 13663 0.009 917
Tamra 13663 0.009 918
Aisha 13663 0.009 919
Wilda 13663 0.009 920
Karyn 13663 0.009 921
Cherry 13663 0.009 922
Queen 13663 0.009 923
Maura 13663 0.009 924
Mai 13663 0.009 925
Evangelina 13663 0.009 926
Rosanna 13663 0.009 927
Hallie 13663 0.009 928
Erna 13663 0.009 929
Enid 13663 0.009 930
Mariana 13663 0.009 931
Lacy 13663 0.009 932
Juliet 13663 0.009 933
Jacklyn 13663 0.009 934
Freida 13663 0.009 935
Madeleine 13663 0.009 936
Mara 13663 0.009 937
Hester 13663 0.009 938
Cathryn 13663 0.009 939
Lelia 13663 0.009 940
Casandra 13663 0.009 941
Bridgett 13663 0.009 942
Angelita 13663 0.009 943
Jannie 13663 0.009 944
Dionne 13663 0.009 945
Annmarie 13663 0.009 946
Katina 13663 0.009 947
Beryl 13663 0.009 948
Phoebe 13663 0.009 949
Millicent 13663 0.009 950
Katheryn 13663 0.009 951
Diann 13663 0.009 952
Carissa 13663 0.009 953
Maryellen 13663 0.009 954
Liz 13663 0.009 955
Lauri 13663 0.009 956
Helga 13663 0.009 957
Gilda 13663 0.009 958
Adrian 13663 0.009 959
Rhea 13663 0.009 960
Marquita 13663 0.009 961
Hollie 13663 0.009 962
Tisha 13663 0.009 963
Tamera 13663 0.009 964
Angelique 13663 0.009 965
Francesca 13663 0.009 966
Britney 13663 0.009 967
Kaitlin 13663 0.009 968
Lolita 13663 0.009 969
Florine 13663 0.009 970
Rowena 13663 0.009 971
Reyna 13663 0.009 972
Twila 13663 0.009 973
Fanny 13663 0.009 974
Janell 13663 0.009 975
Ines 13663 0.009 976
Concetta 13663 0.009 977
Bertie 13663 0.009 978
Alba 13663 0.009 979
Brigitte 13663 0.009 980
Alyson 13663 0.009 981
Vonda 12145 0.008 982
Pansy 12145 0.008 983
Elba 12145 0.008 984
Noelle 12145 0.008 985
Letitia 12145 0.008 986
Kitty 12145 0.008 987
Deann 12145 0.008 988
Brandie 12145 0.008 989
Louella 12145 0.008 990
Leta 12145 0.008 991
Felecia 12145 0.008 992
Sharlene 12145 0.008 993
Lesa 12145 0.008 994
Beverley 12145 0.008 995
Robert 12145 0.008 996
Isabella 12145 0.008 997
Herminia 12145 0.008 998
Terra 12145 0.008 999
Celina 12145 0.008 1000
